#Zeitstempel	Wert
0	7.001
300	6.923
600	6.848
900	6.774
1200	6.699
1500	6.625
1800	6.553
2100	6.503
2400	6.468
2700	6.433
3000	6.398
3300	6.363
3600	6.328
3900	6.293
4200	6.258
4500	6.224
4800	6.192
5100	6.16
5400	6.158
5700	6.173
6000	6.189
6300	6.204
6600	6.22
6900	6.235
7200	6.251
7500	6.259
7800	6.259
8100	6.259
8400	6.259
8700	6.259
9000	6.259
9300	6.259
9600	6.259
9900	6.259
10200	6.259
10500	6.259
10800	6.259
11100	6.259
11400	6.259
11700	6.259
12000	6.259
12300	6.259
12600	6.259
12900	6.259
13200	6.259
13500	6.259
13800	6.259
14100	6.259
14400	6.259
14700	6.259
15000	6.259
15300	6.268
15600	6.344
15900	6.433
16200	6.522
16500	6.612
16800	6.703
17100	6.794
17400	6.86
17700	6.88
18000	6.899
18300	6.918
18600	6.936
18900	6.955
19200	6.974
19500	6.967
19800	6.923
20100	6.88
20400	6.836
20700	6.793
21000	6.749
21300	6.706
21600	6.663
21900	6.622
22200	6.581
22500	6.54
22800	6.499
23100	6.458
23400	6.417
23700	6.376
24000	6.335
24300	6.319
24600	6.32
24900	6.322
25200	6.323
25500	6.325
25800	6.326
26100	6.327
26400	6.329
26700	6.33
27000	6.332
27300	6.333
27600	6.335
27900	6.336
28200	6.338
28500	6.339
28800	6.34
29100	6.342
29400	6.343
29700	6.345
30000	6.346
30300	6.362
30600	6.432
30900	6.506
31200	6.58
31500	6.655
31800	6.733
32100	6.811
32400	6.889
32700	6.968
33000	7.05
33300	7.132
33600	7.213
33900	7.21
34200	7.154
34500	7.099
34800	7.088
35100	7.096
35400	7.104
35700	7.111
36000	7.119
36300	7.127
36600	7.134
36900	7.142
37200	7.15
37500	7.157
37800	7.165
38100	7.173
38400	7.176
38700	7.156
39000	7.134
39300	7.111
39600	7.09
39900	7.099
40200	7.121
40500	7.143
40800	7.165
41100	7.187
41400	7.209
41700	7.231
42000	7.253
42300	7.275
42600	7.297
42900	7.319
43200	7.362
43500	7.573
43800	7.799
44100	7.839
44400	7.837
44700	7.834
45000	7.831
45300	7.828
45600	7.826
45900	7.823
46200	7.82
46500	7.817
46800	7.815
47100	7.812
47400	7.809
47700	7.806
48000	7.803
48300	7.801
48600	7.798
48900	7.795
49200	7.792
49500	7.79
49800	7.787
50100	7.784
50400	7.781
50700	7.779
51000	7.778
51300	7.848
51600	7.95
51900	8.052
52200	8.158
52500	8.247
52800	8.252
53100	8.248
53400	8.244
53700	8.241
54000	8.237
54300	8.233
54600	8.229
54900	8.226
55200	8.222
55500	8.218
55800	8.215
56100	8.211
56400	8.207
56700	8.203
57000	8.2
57300	8.196
57600	8.192
57900	8.188
58200	8.185
58500	8.205
58800	8.245
59100	8.285
59400	8.326
59700	8.366
60000	8.407
60300	8.447
60600	8.488
60900	8.528
61200	8.569
61500	8.609
61800	8.65
62100	8.69
62400	8.804
62700	9.361
63000	9.612
63300	9.541
63600	9.469
63900	9.397
64200	9.329
64500	9.387
64800	9.515
65100	9.642
65400	9.775
65700	9.907
66000	9.981
66300	10.032
66600	10.083
66900	10.134
67200	10.186
67500	10.237
67800	10.288
68100	10.339
68400	10.379
68700	10.278
69000	10.134
69300	9.99
69600	9.845
69900	9.742
70200	9.746
70500	9.756
70800	9.765
71100	9.743
71400	9.427
71700	9.049
72000	8.707
72300	9.014
72600	9.623
72900	10.268
73200	10.945
73500	11.637
73800	12.209
74100	12.013
74400	11.68
74700	11.347
75000	11.013
75300	10.681
75600	10.357
75900	10.15
76200	10.137
76500	10.128
76800	10.119
77100	10.136
77400	10.679
77700	10.888
78000	10.944
78300	11.001
78600	11.058
78900	11.114
79200	11.393
79500	11.978
79800	12.572
80100	13.16
80400	13.441
80700	13.656
81000	13.863
81300	13.91
81600	13.899
81900	13.887
82200	13.876
82500	13.727
82800	13.422
83100	13.117
83400	12.814
83700	12.582
84000	12.574
84300	12.584
84600	12.594
84900	12.605
85200	12.615
85500	12.625
85800	12.636
86100	12.646
86400	12.656
86700	12.667
87000	12.677
87300	12.687
87600	12.696
87900	12.689
88200	12.678
88500	12.667
88800	12.657
89100	12.646
89400	12.635
89700	12.624
90000	12.613
90300	12.602
90600	12.592
90900	12.581
91200	12.57
91500	12.541
91800	12.467
92100	12.39
92400	12.314
92700	12.237
93000	12.16
93300	12.083
93600	12.007
93900	11.93
94200	11.858
94500	11.812
94800	11.77
95100	11.728
95400	11.686
95700	11.644
96000	11.603
96300	11.589
96600	11.589
96900	11.589
97200	11.589
97500	11.589
97800	11.589
98100	11.589
98400	11.589
98700	11.589
99000	11.589
99300	11.589
99600	11.589
99900	11.589
100200	11.589
100500	11.589
100800	11.589
101100	11.589
101400	11.589
101700	11.589
102000	11.589
102300	11.589
102600	11.589
102900	11.631
103200	11.716
103500	11.8
103800	11.884
104100	11.969
104400	12.05
104700	12.065
105000	12.05
105300	12.035
105600	12.021
105900	12.006
106200	12.081
106500	13.358
106800	13.382
107100	13.382
107400	13.382
107700	13.382
108000	13.384
108300	13.499
108600	13.679
108900	13.859
109200	14.04
109500	14.075
109800	13.828
110100	13.604
110400	13.551
110700	13.526
111000	13.5
111300	13.475
111600	13.449
111900	12.889
112200	11.193
112500	9.86
112800	9.366
113100	8.927
113400	8.502
113700	11.015
114000	16.3
114300	16.847
114600	16.738
114900	17.062
115200	18.765
115500	20.615
115800	22.536
116100	23.648
116400	21.856
116700	19.874
117000	19.08
117300	19.215
117600	19.05
117900	18.622
118200	18.193
118500	17.766
118800	17.498
119100	18.403
119400	19.579
119700	20.774
120000	20.804
120300	19.588
120600	18.393
120900	17.223
121200	17.285
121500	17.017
121800	16.522
122100	16.026
122400	15.532
122700	15.044
123000	14.579
123300	16.412
123600	16.733
123900	16.799
124200	16.866
124500	16.932
124800	17.119
125100	19.443
125400	19.992
125700	19.871
126000	19.754
126300	19.744
126600	19.78
126900	19.815
127200	19.851
127500	19.772
127800	19.274
128100	18.738
128400	19.136
128700	20.87
129000	20.839
129300	20.808
129600	20.955
129900	22.212
130200	22.379
130500	22.37
130800	22.362
131100	22.353
131400	22.344
131700	22.336
132000	23.715
132300	25.96
132600	26.392
132900	26.769
133200	26.812
133500	26.423
133800	27.055
134100	28.211
134400	29.393
134700	30.698
135000	32.025
135300	33.361
135600	35.338
135900	37.727
136200	40.132
136500	42.545
136800	45.141
137100	44.938
137400	37.414
137700	37.604
138000	39.064
138300	40.52
138600	40.122
138900	38.196
139200	36.972
139500	37.463
139800	40.878
140100	47.388
140400	54.473
140700	60.491
141000	59.737
141300	58.158
141600	56.616
141900	57.531
142200	60.057
142500	62.658
142800	65.268
143100	67.885
143400	70.455
143700	70.998
144000	70.931
144300	70.941
144600	71.476
144900	72.112
145200	72.747
145500	73.383
145800	73.981
146100	73.912
146400	73.599
146700	73.287
147000	72.975
147300	72.662
147600	72.35
147900	72.038
148200	71.764
148500	72.578
148800	73.891
149100	75.008
149400	75.409
149700	75.554
150000	75.421
150300	75.287
150600	75.152
150900	74.783
151200	73.39
151500	71.878
151800	70.759
152100	70.778
152400	70.87
152700	70.829
153000	70.091
153300	69.251
153600	68.732
153900	69.267
154200	69.723
154500	68.195
154800	66.178
155100	64.213
155400	63.933
155700	64.517
156000	64.399
156300	63.197
156600	61.982
156900	60.959
157200	61.574
157500	62.564
157800	63.479
158100	62.731
158400	61.302
158700	59.882
159000	59.168
159300	59.851
159600	60.598
159900	61.348
160200	62.098
160500	62.258
160800	61.561
161100	60.856
161400	60.151
161700	59.462
162000	58.92
162300	59.472
162600	60.252
162900	59.259
163200	57.358
163500	56.723
163800	56.395
164100	56.201
164400	56.766
164700	57.448
165000	58.13
165300	58.885
165600	60.12
165900	61.472
166200	62.827
166500	63.987
166800	63.701
167100	63.201
167400	63.319
167700	63.569
168000	63.599
168300	62.609
168600	61.49
168900	61.011
169200	62.495
169500	64.117
169800	65.739
170100	66.86
170400	66.26
170700	65.514
171000	65.64
171300	67.782
171600	69.207
171900	69.919
172200	70.631
172500	71.343
172800	72.055
173100	72.767
173400	73.479
173700	74.191
174000	74.903
174300	75.615
174600	76.327
174900	77.04
175200	77.452
175500	76.834
175800	76.13
176100	75.425
176400	74.72
176700	74.015
177000	74.289
177300	74.726
177600	73.999
177900	73.272
178200	72.882
178500	73.959
178800	74.649
179100	72.74
179400	71.655
179700	72.686
180000	73.764
180300	74.841
180600	75.614
180900	74.679
181200	73.477
181500	72.278
181800	72.5
182100	73.894
182400	75.287
182700	76.681
183000	77.882
183300	78.909
183600	79.94
183900	80.972
184200	82.004
184500	83.036
184800	84.068
185100	85.1
185400	86.15
185700	87.424
186000	89.863
186300	92.817
186600	95.762
186900	96.587
187200	95.769
187500	94.951
187800	94.133
188100	93.312
188400	92.386
188700	91.403
189000	90.419
189300	90.207
189600	93.126
189900	97.959
190200	102.984
190500	106.988
190800	109.802
191100	112.664
191400	115.531
191700	118.397
192000	121.269
192300	123.843
192600	126.263
192900	128.683
193200	131.108
193500	133.567
193800	136.037
194100	138.507
194400	141.579
194700	145.376
195000	149.246
195300	153.118
195600	156.983
195900	157.455
196200	155.713
196500	158.807
196800	161.548
197100	162.233
197400	162.917
197700	163.601
198000	164.184
198300	163.445
198600	162.3
198900	161.631
199200	164.482
199500	167.998
199800	168.104
200100	166.24
200400	164.39
200700	162.623
201000	163.993
201300	162.349
201600	160.535
201900	158.722
202200	159.269
202500	156.767
202800	147.75
203100	138.985
203400	130.512
203700	143.116
204000	154.716
204300	150.986
204600	142.183
204900	147.815
205200	153.146
205500	150.399
205800	151.135
206100	153.144
206400	155.16
206700	157.196
207000	160.144
207300	163.067
207600	163.806
207900	163.681
208200	161.912
208500	160.093
208800	158.273
209100	156.454
209400	154.641
209700	156.418
210000	166.444
210300	168.291
210600	167.158
210900	166.058
211200	166.672
211500	168.343
211800	170.065
212100	172.748
212400	175.703
212700	175.606
213000	172.305
213300	168.435
213600	167.338
213900	166.484
214200	165.622
214500	164.382
214800	162.959
215100	161.537
215400	160.114
215700	158.639
216000	156.337
216300	153.767
216600	151.328
216900	149.819
217200	148.522
217500	147.417
217800	146.685
218100	145.962
218400	145.24
218700	144.518
219000	143.795
219300	143.073
219600	142.376
219900	141.691
220200	140.965
220500	139.639
220800	138.116
221100	136.594
221400	135.072
221700	133.55
222000	133.076
222300	134.396
222600	133.222
222900	130.436
223200	127.683
223500	125.887
223800	125.249
224100	124.615
224400	123.89
224700	122.969
225000	122.041
225300	121.113
225600	120.19
225900	119.271
226200	118.356
226500	117.441
226800	117.078
227100	118.229
227400	119.443
227700	119.063
228000	117.711
228300	116.36
228600	115.228
228900	116.302
229200	117.945
229500	119.49
229800	120.44
230100	121.296
230400	122.154
230700	123.012
231000	123.87
231300	124.728
231600	125.373
231900	125.141
232200	124.815
232500	124.49
232800	124.164
233100	123.846
233400	124.246
233700	125.111
234000	125.926
234300	126.479
234600	126.995
234900	127.511
235200	127.99
235500	127.292
235800	126.022
236100	124.753
236400	124.511
236700	125.169
237000	125.827
237300	126.442
237600	126.376
237900	126.076
238200	126.263
238500	127.865
238800	129.315
239100	130.508
239400	131.709
239700	132.679
240000	132.284
240300	131.679
240600	131.079
240900	130.523
241200	131.328
241500	132.814
241800	134.078
242100	134.407
242400	134.298
242700	132.803
243000	132.542
243300	132.714
243600	132.347
243900	132.743
244200	133.111
244500	130.989
244800	129.909
245100	129.348
245400	128.725
245700	126.343
246000	123.464
246300	122.444
246600	121.733
246900	121.023
247200	120.315
247500	119.61
247800	118.909
248100	118.438
248400	118.97
248700	119.62
249000	120.103
249300	120.104
249600	120.075
249900	120.045
250200	119.279
250500	117.929
250800	117.103
251100	116.301
251400	115.765
251700	115.35
252000	114.934
252300	113.748
252600	110.894
252900	109.617
253200	108.883
253500	108.159
253800	107.436
254100	106.545
254400	104.214
254700	101.554
255000	98.823
255300	95.78
255600	92.71
255900	89.641
256200	87.881
256500	88.743
256800	89.704
257100	89.738
257400	88.5
257700	87.296
258000	86.48
258300	85.989
258600	85.497
258900	85.003
259200	82.913
259500	79.494
259800	77.689
260100	77.196
260400	76.704
260700	76.211
261000	75.629
261300	74.755
261600	73.955
261900	74.211
262200	74.756
262500	75.106
262800	74.204
263100	73.083
263400	72.166
263700	72.027
264000	71.97
264300	71.913
264600	71.856
264900	71.799
265200	71.742
265500	71.591
265800	71.338
266100	71.086
266400	70.833
266700	70.581
267000	70.328
267300	70.019
267600	69.513
267900	68.991
268200	68.469
268500	67.946
268800	67.424
269100	67.233
269400	67.554
269700	67.881
270000	67.841
270300	66.793
270600	65.689
270900	64.584
271200	63.489
271500	63.082
271800	63.116
272100	63.052
272400	62.432
272700	61.726
273000	61.02
273300	60.314
273600	59.727
273900	59.597
274200	59.513
274500	59.429
274800	59.345
275100	59.261
275400	59.18
275700	59.158
276000	59.158
276300	59.158
276600	59.1
276900	58.754
277200	58.369
277500	57.984
277800	57.599
278100	57.214
278400	56.83
278700	56.445
279000	56.06
279300	55.685
279600	55.445
279900	55.245
280200	55.046
280500	54.847
280800	54.65
281100	54.456
281400	54.263
281700	54.069
282000	53.876
282300	53.686
282600	53.498
282900	53.31
283200	53.121
283500	52.933
283800	52.77
284100	52.7
284400	52.639
284700	52.577
285000	52.516
285300	52.449
285600	52.137
285900	51.692
286200	51.247
286500	50.802
286800	50.374
287100	50.292
287400	50.344
287700	50.395
288000	50.447
288300	50.468
288600	50.18
288900	49.813
289200	49.446
289500	49.078
289800	48.711
290100	48.648
290400	49.027
290700	49.41
291000	49.793
291300	50.131
291600	49.758
291900	49.141
292200	48.523
292500	47.905
292800	47.397
293100	47.228
293400	47.082
293700	46.936
294000	46.791
294300	46.66
294600	46.622
294900	46.598
295200	46.575
295500	46.552
295800	46.529
296100	46.505
296400	46.474
296700	46.326
297000	46.137
297300	45.948
297600	45.759
297900	45.576
298200	45.4
298500	45.223
298800	45.046
299100	44.895
299400	44.826
299700	44.763
300000	44.7
300300	44.637
300600	44.574
300900	44.46
301200	44.148
301500	43.817
301800	43.491
302100	43.415
302400	43.475
302700	43.535
303000	43.595
303300	43.655
303600	43.715
303900	43.476
304200	42.651
304500	41.812
304800	41.069
305100	41.373
305400	41.964
305700	42.555
306000	43.146
306300	43.646
306600	43.524
306900	43.283
307200	43.043
307500	42.802
307800	42.561
308100	42.325
308400	42.424
308700	42.726
309000	43.028
309300	43.326
309600	43.014
309900	42.285
310200	41.896
310500	42.206
310800	42.537
311100	42.826
311400	42.61
311700	42.246
312000	41.883
312300	41.52
312600	41.009
312900	40.114
313200	39.224
313500	39.69
313800	40.937
314100	42.184
314400	43.418
314700	43.553
315000	42.975
315300	42.398
315600	41.82
315900	41.243
316200	40.665
316500	40.499
316800	41.229
317100	41.962
317400	41.564
317700	40.586
318000	39.662
318300	39.572
318600	39.771
318900	39.97
319200	40.168
319500	40.312
319800	40.296
320100	40.269
320400	38.79
320700	36.792
321000	37.289
321300	37.792
321600	38.315
321900	38.86
322200	40.746
322500	42.998
322800	42.441
323100	41.605
323400	40.769
323700	39.932
324000	39.105
324300	38.793
324600	38.776
324900	38.76
325200	38.743
325500	38.693
325800	38.465
326100	38.211
326400	37.961
326700	37.722
327000	37.485
327300	37.247
327600	37.01
327900	36.772
328200	36.535
328500	36.297
328800	36.06
329100	35.822
329400	35.585
329700	35.347
330000	35.11
330300	35.023
330600	35.097
330900	35.171
331200	35.246
331500	35.308
331800	35.245
332100	35.15
332400	35.056
332700	34.961
333000	34.923
333300	34.933
333600	34.942
333900	34.951
334200	34.96
334500	34.969
334800	34.978
335100	34.926
335400	34.589
335700	34.264
336000	34.18
336300	34.129
336600	34.078
336900	34.026
337200	33.975
337500	33.924
337800	33.872
338100	33.821
338400	33.769
338700	33.718
339000	33.623
339300	33.465
339600	33.307
339900	33.148
340200	33.038
340500	33.137
340800	33.261
341100	33.385
341400	33.508
341700	33.632
342000	33.756
342300	33.699
342600	33.422
342900	33.144
343200	32.916
343500	32.985
343800	33.103
344100	33.222
344400	33.341
344700	33.401
345000	33.373
345300	33.343
345600	33.313
345900	33.283
346200	33.254
346500	33.224
346800	33.194
347100	33.165
347400	33.135
347700	33.105
348000	33.076
348300	33.046
348600	33.016
348900	32.986
349200	32.957
349500	32.927
349800	32.897
350100	32.868
350400	32.838
350700	32.808
351000	32.779
351300	32.749
351600	32.731
351900	32.735
352200	32.739
352500	32.744
352800	32.748
353100	32.752
353400	32.756
353700	32.76
354000	32.764
354300	32.769
354600	32.773
354900	32.777
355200	32.781
355500	32.785
355800	32.789
356100	32.794
356400	32.654
356700	31.943
357000	31.973
357300	32.021
357600	32.068
357900	32.116
358200	32.163
358500	32.211
358800	32.258
359100	32.301
359400	32.206
359700	32.047
360000	31.889
360300	31.73
360600	31.653
360900	31.694
361200	31.736
361500	31.778
361800	31.819
362100	31.861
362400	31.903
362700	31.945
363000	31.987
363300	32.021
363600	31.702
363900	31.803
364200	31.931
364500	32.058
364800	32.067
365100	31.984
365400	31.902
365700	31.819
366000	31.736
366300	31.654
366600	31.58
366900	31.576
367200	31.586
367500	31.596
367800	31.606
368100	31.616
368400	31.626
368700	31.636
369000	31.645
369300	31.655
369600	31.665
369900	31.675
370200	31.685
370500	31.695
370800	31.694
371100	31.652
371400	31.605
371700	31.559
372000	31.512
372300	31.466
372600	31.42
372900	31.373
373200	31.327
373500	31.28
373800	31.234
374100	31.187
374400	31.086
374700	30.692
375000	30.256
375300	29.864
375600	29.949
375900	30.165
376200	30.381
376500	30.596
376800	30.812
377100	31.028
377400	31.224
377700	30.559
378000	30.126
378300	30.393
378600	30.659
378900	30.857
379200	30.712
379500	30.521
379800	30.329
380100	30.138
380400	29.947
380700	29.756
381000	30.795
381300	34.368
381600	33.062
381900	31.608
382200	31.195
382500	31.272
382800	31.348
383100	31.365
383400	30.905
383700	30.342
384000	29.837
384300	30.467
384600	31.574
384900	36.71
385200	38.591
385500	36.41
385800	34.942
386100	34.841
386400	34.782
386700	34.615
387000	33.182
387300	31.425
387600	30.628
387900	30.525
388200	30.422
388500	30.319
388800	30.216
389100	30.113
389400	30.01
389700	29.907
390000	29.804
390300	29.735
390600	29.842
390900	29.975
391200	30.108
391500	30.241
391800	30.374
392100	30.508
392400	30.596
392700	30.51
393000	30.407
393300	30.303
393600	30.2
393900	30.097
394200	29.994
394500	29.891
394800	29.788
395100	29.759
395400	29.944
395700	30.144
396000	30.343
396300	30.543
396600	30.742
396900	30.942
397200	31.032
397500	30.881
397800	30.723
398100	30.564
398400	30.405
398700	30.247
399000	30.088
399300	29.929
399600	29.771
399900	29.612
400200	29.551
400500	29.588
400800	29.625
401100	29.662
401400	29.699
401700	29.736
402000	29.773
402300	29.805
402600	29.721
402900	29.583
403200	29.444
403500	29.306
403800	29.168
404100	29.029
404400	28.891
404700	29.004
405000	29.767
405300	30.55
405600	30.458
405900	29.83
406200	29.203
406500	28.585
406800	29.03
407100	30.205
407400	30.631
407700	29.513
408000	28.347
408300	27.184
408600	26.924
408900	27.409
409200	28.082
409500	28.919
409800	29.757
410100	30.594
410400	31.259
410700	30.502
411000	29.446
411300	28.39
411600	27.333
411900	26.429
412200	26.326
412500	26.34
412800	26.353
413100	26.366
413400	26.38
413700	26.393
414000	26.406
414300	26.42
414600	26.433
414900	26.446
415200	26.459
415500	26.473
415800	26.474
416100	26.421
416400	26.362
416700	26.303
417000	26.244
417300	26.185
417600	26.125
417900	26.066
418200	26.031
418500	26.043
418800	26.057
419100	26.071
419400	26.085
419700	26.099
420000	26.113
420300	26.127
420600	26.141
420900	26.155
421200	26.168
421500	26.182
421800	26.192
422100	26.166
422400	26.131
422700	26.097
423000	26.062
423300	26.028
423600	25.993
423900	25.959
424200	25.924
424500	25.889
424800	25.855
425100	25.82
425400	25.786
425700	25.751
426000	25.717
426300	25.682
426600	25.648
426900	25.613
427200	25.578
427500	25.544
427800	25.509
428100	25.475
428400	25.44
428700	25.406
429000	25.371
429300	25.337
429600	25.302
429900	25.267
430200	25.233
430500	25.198
430800	25.164
431100	25.129
431400	25.095
431700	25.06
432000	25.026
432300	24.991
432600	24.957
432900	24.922
433200	24.887
433500	24.853
433800	24.818
434100	24.784
434400	24.749
434700	24.715
435000	24.68
435300	24.651
435600	24.653
435900	24.661
436200	24.669
436500	24.677
436800	24.684
437100	24.692
437400	24.7
437700	24.708
438000	24.716
438300	24.724
438600	24.732
438900	24.74
439200	24.748
439500	24.756
439800	24.763
440100	24.771
440400	24.779
440700	24.787
441000	24.795
441300	24.803
441600	24.811
441900	24.819
442200	24.827
442500	24.835
442800	24.843
443100	24.85
443400	24.858
443700	24.866
444000	24.863
444300	24.755
444600	24.622
444900	24.489
445200	24.356
445500	24.226
445800	24.199
446100	24.218
446400	24.237
446700	24.256
447000	24.275
447300	24.294
447600	24.313
447900	24.332
448200	24.351
448500	24.37
448800	24.389
449100	24.407
449400	24.395
449700	24.363
450000	24.331
450300	24.299
450600	24.268
450900	24.236
451200	24.204
451500	24.186
451800	24.188
452100	24.19
452400	24.191
452700	24.193
453000	24.195
453300	24.197
453600	24.199
453900	24.201
454200	24.203
454500	24.205
454800	24.207
455100	24.209
455400	24.211
455700	24.212
456000	24.214
456300	24.216
456600	24.218
456900	24.22
457200	24.222
457500	24.224
457800	24.226
458100	24.228
458400	24.23
458700	24.231
459000	24.233
459300	24.235
459600	24.237
459900	24.239
460200	24.241
460500	24.238
460800	24.222
461100	24.205
461400	24.187
461700	24.17
462000	24.153
462300	24.135
462600	24.118
462900	24.101
463200	24.083
463500	24.066
463800	24.048
464100	24.031
464400	24.014
464700	23.996
465000	23.979
465300	23.962
465600	23.944
465900	23.927
466200	23.91
466500	23.691
466800	23.056
467100	22.408
467400	21.76
467700	21.113
468000	21.239
468300	22.427
468600	23.621
468900	24.618
469200	24.162
469500	23.438
469800	24.114
470100	25.553
470400	23.976
470700	21.1
471000	23.232
471300	25.127
471600	22.56
471900	20.964
472200	23.543
472500	25.907
472800	22.431
473100	20.751
473400	23.72
473700	25.579
474000	23.02
474300	20.386
474600	22.911
474900	25.82
475200	23.489
475500	24.096
475800	25.479
476100	26.863
476400	26.681
476700	24.826
477000	22.983
477300	22.426
477600	22.753
477900	23.08
478200	23.27
478500	23.282
478800	23.294
479100	23.306
479400	23.319
479700	23.331
480000	23.343
480300	23.355
480600	23.367
480900	23.328
481200	22.857
481500	22.362
481800	22.557
482100	22.92
482400	23.255
482700	22.889
483000	22.693
483300	25.164
483600	26.686
483900	25.228
484200	23.667
484500	22.787
484800	24.549
485100	26.325
485400	24.547
485700	21.879
486000	23.464
486300	25.655
486600	23.845
486900	21.532
487200	20.87
487500	24.386
487800	23.641
488100	22.224
488400	20.821
488700	21.632
489000	24.057
489300	25.217
489600	23.616
489900	21.918
490200	21.877
490500	26.15
490800	25.047
491100	23.667
491400	22.822
491700	24.312
492000	25.934
492300	24.824
492600	22.658
492900	21.168
493200	22.287
493500	22.287
493800	22.173
494100	21.416
494400	20.558
494700	20.188
495000	21.534
495300	21.259
495600	20.215
495900	22.765
496200	25.715
496500	24.909
496800	23.911
497100	22.913
497400	22.976
497700	25.94
498000	25.768
498300	24.309
498600	22.849
498900	21.996
499200	22.392
499500	22.569
499800	22.559
500100	22.549
500400	22.539
500700	22.528
501000	22.518
501300	22.508
501600	22.498
501900	22.488
502200	22.478
502500	22.468
502800	22.457
503100	22.447
503400	22.437
503700	22.427
504000	22.417
504300	22.407
504600	22.415
504900	22.438
505200	22.46
505500	22.482
505800	22.504
506100	22.527
506400	22.549
506700	22.559
507000	22.393
507300	22.169
507600	20.793
507900	18.343
508200	16.015
508500	14.032
508800	13.26
509100	12.646
509400	12.054
509700	17.511
510000	27.803
510300	27.747
510600	27.665
510900	27.584
511200	27.502
511500	27.421
511800	27.312
512100	27.09
512400	26.947
512700	26.945
513000	26.945
513300	26.945
513600	26.945
513900	26.945
514200	26.945
514500	26.945
514800	26.945
515100	26.945
515400	26.945
515700	26.945
516000	26.945
516300	26.945
516600	26.945
516900	26.945
517200	26.945
517500	26.945
517800	26.933
518100	26.91
518400	26.887
518700	26.864
519000	26.841
519300	26.818
519600	26.795
519900	26.772
520200	26.749
520500	26.726
520800	26.703
521100	26.68
521400	26.656
521700	26.633
522000	26.61
522300	26.596
522600	26.59
522900	26.584
523200	26.577
523500	26.571
523800	26.564
524100	26.558
524400	26.551
524700	26.544
525000	26.476
525300	26.368
525600	26.26
525900	26.123
526200	25.689
526500	25.179
526800	24.669
527100	24.158
527400	23.654
527700	23.344
528000	23.128
528300	22.913
528600	22.657
528900	22.297
529200	22.129
529500	22.158
529800	21.827
530100	21.377
530400	21.367
530700	21.367
531000	21.367
531300	21.333
531600	21.227
531900	21.118
532200	21.01
532500	20.902
532800	20.793
533100	20.685
533400	20.632
533700	20.66
534000	20.688
534300	20.717
534600	20.745
534900	20.774
535200	20.751
535500	20.639
535800	20.524
536100	20.41
536400	20.334
536700	20.332
537000	20.332
537300	20.332
537600	20.332
537900	20.332
538200	20.332
538500	20.332
538800	20.332
539100	20.332
539400	20.332
539700	20.332
540000	20.332
540300	20.332
540600	20.332
540900	20.332
541200	20.332
541500	20.332
541800	20.313
542100	20.229
542400	20.14
542700	20.051
543000	19.962
543300	19.873
543600	19.818
543900	19.81
544200	19.803
544500	19.796
544800	19.789
545100	19.781
545400	19.774
545700	19.768
546000	19.776
546300	19.786
546600	19.797
546900	19.807
547200	19.818
547500	19.829
547800	19.839
548100	19.85
548400	19.86
548700	19.871
549000	19.881
549300	19.892
549600	19.902
549900	19.913
550200	19.923
550500	19.509
550800	18.399
551100	17.395
551400	18.37
551700	19.738
552000	20.939
552300	21.415
552600	20.516
552900	20.251
553200	20.159
553500	20.067
553800	19.717
554100	18.47
554400	18.445
554700	19.054
555000	19.541
555300	19.524
555600	19.482
555900	19.9
556200	19.852
556500	18.778
556800	18.633
557100	20.136
557400	21.724
557700	21.877
558000	20.426
558300	19.987
558600	19.987
558900	19.987
559200	19.738
559500	19.298
559800	18.879
560100	19.07
560400	19.549
560700	19.712
561000	19.712
561300	19.712
561600	19.712
561900	19.712
562200	19.712
562500	19.712
562800	19.712
563100	19.712
563400	19.712
563700	19.712
564000	19.712
564300	19.712
564600	19.712
564900	19.712
565200	19.712
565500	19.712
565800	19.755
566100	20.428
566400	21.316
566700	22.195
567000	22.453
567300	22.353
567600	22.253
567900	22.153
568200	22.053
568500	21.953
568800	21.853
569100	21.916
569400	22.505
569700	23.136
570000	23.731
570300	23.16
570600	22.025
570900	21.275
571200	22.016
571500	22.906
571800	23.708
572100	23.865
572400	23.892
572700	23.919
573000	23.955
573300	24.669
573600	25.553
573900	24.177
574200	24.124
574500	26.203
574800	26.908
575100	25.944
575400	25.158
575700	25.037
576000	24.977
576300	24.917
576600	24.857
576900	24.797
577200	24.759
577500	24.753
577800	24.749
578100	24.744
578400	24.739
578700	24.734
579000	24.729
579300	24.725
579600	24.72
579900	24.715
580200	24.71
580500	24.705
580800	24.701
581100	24.696
581400	24.691
581700	24.686
582000	24.681
582300	24.677
582600	24.672
582900	24.667
583200	24.662
583500	24.658
583800	24.653
584100	24.648
584400	24.643
584700	24.638
585000	24.634
585300	24.629
585600	24.624
585900	24.619
586200	24.614
586500	24.61
586800	24.605
587100	24.6
587400	24.595
587700	24.59
588000	24.555
588300	24.471
588600	24.388
588900	24.304
589200	24.22
589500	24.142
589800	24.126
590100	24.125
590400	24.123
590700	24.122
591000	24.12
591300	24.118
591600	24.117
591900	24.115
592200	24.114
592500	24.112
592800	24.111
593100	24.109
593400	24.108
593700	24.106
594000	24.105
594300	24.103
594600	24.102
594900	24.1
595200	24.098
595500	24.097
595800	24.095
596100	24.094
596400	24.092
596700	24.091
597000	24.089
597300	24.088
597600	24.086
597900	24.085
598200	24.083
598500	24.082
598800	24.08
599100	24.078
599400	24.077
599700	24.075
600000	24.074
600300	24.072
600600	24.071
600900	24.069
601200	24.068
601500	24.066
601800	24.065
602100	24.063
602400	24.062
602700	24.06
603000	24.059
603300	24.057
603600	24.055
603900	24.054
604200	24.052
604500	24.051
604800	24.049
