# time[s]   	hydraulic_timestep[s] 	Element    	Edge       	water_vol[m3] 	initial_volume_sediment[m3] 	initial_volume_suspension[m3] 	bedload_boundary_inflow[m3] 	bedload_boundary_outflow[m3] 	bedload_external_source[m3] 	suspension_boundary_inflow[m3] 	suspension_boundary_outflow[m3] 	suspension_external_source[m3] 	present_sediment_volume[m3] 	present_suspension_volume[m3] 	mass_error_absolute[m3] 	mass_error_relative[%]
0 	0.0822259585 	        -1 	        -1 	7894.62924 	72648.0806 	0 	0 	0 	0 	0 	0 	0 	72648.0806 	0 	0 	0
1800 	0.00859804401 	      1554 	      1261 	7792.28651 	72648.0806 	0 	0 	0 	0 	0 	0 	0 	72648.0806 	0 	8.39645509e-09 	1.15577108e-11
3600 	0.0675624156 	      1554 	      1261 	7742.42445 	72648.0806 	0 	0 	0 	0 	0 	0 	0 	72648.0806 	0 	1.717126e-08 	2.36362197e-11
5400 	0.0572662244 	      1554 	      1261 	7714.26933 	72648.0806 	0 	0 	0 	0 	0 	0 	0 	72648.0806 	0 	2.50001904e-08 	3.44127335e-11
7200 	0.0518568222 	      1554 	      1261 	7694.40504 	72648.0806 	0 	0 	0 	0 	0 	0 	0 	72648.0806 	0 	3.29891918e-08 	4.54095849e-11
9000 	0.00680746169 	      1554 	      1261 	7675.53939 	72648.0806 	0 	-6.63986011e-06 	0 	0 	0 	0 	0 	72648.0806 	0 	3.80241545e-08 	5.23402052e-11
10800 	0.0709151838 	      1554 	      1261 	7656.41689 	72648.0806 	0 	-0.000346388972 	0 	0 	0 	0 	0 	72648.0809 	0 	4.13128873e-08 	5.6867142e-11
12600 	0.019952527 	      1554 	      1261 	7650.16042 	72648.0806 	0 	-0.00134373202 	0 	0 	0 	0 	0 	72648.0819 	0 	4.46452759e-08 	6.14541702e-11
14400 	0.0599525629 	      1554 	      1261 	7646.03111 	72648.0806 	0 	-0.00298853629 	0 	0 	0 	0 	0 	72648.0836 	0 	4.85306373e-08 	6.68023641e-11
16200 	0.0194658763 	      1554 	      1261 	7644.08707 	72648.0806 	0 	-0.00506577804 	0 	0 	0 	0 	0 	72648.0857 	0 	5.28816599e-08 	7.27915395e-11
18000 	0.0399212542 	      1554 	      1261 	7642.52281 	72648.0806 	0 	-0.00731578705 	0 	0 	0 	0 	0 	72648.0879 	0 	5.94445737e-08 	8.18253796e-11
19800 	0.0286046237 	      1554 	      1261 	 7640.0734 	72648.0806 	0 	-0.0098676479 	0 	0 	0 	0 	0 	72648.0905 	0 	6.63567334e-08 	9.13399554e-11
21600 	0.00121130706 	      1554 	      1261 	7638.27663 	72648.0806 	0 	-0.0124515287 	0 	0 	0 	0 	0 	72648.093 	0 	7.28323357e-08 	1.0025361e-10
23400 	0.0153617448 	      1554 	      1261 	7638.39056 	72648.0806 	0 	-0.0151416261 	0 	0 	0 	0 	0 	72648.0957 	0 	8.02101567e-08 	1.10409166e-10
25200 	0.0238002853 	      1554 	      1261 	7637.37448 	72648.0806 	0 	-0.0180870118 	0 	0 	0 	0 	0 	72648.0987 	0 	8.79226718e-08 	1.21025427e-10
27000 	0.0349316377 	      1554 	      1261 	7636.41659 	72648.0806 	0 	-0.0212855695 	0 	0 	0 	0 	0 	72648.1019 	0 	9.49075911e-08 	1.30640153e-10
28800 	0.012166497 	      1554 	      1261 	7637.71985 	72648.0806 	0 	-0.0247500168 	0 	0 	0 	0 	0 	72648.1053 	0 	1.02882041e-07 	1.41616963e-10
30600 	0.00260837442 	      1554 	      1261 	7637.01124 	72648.0806 	0 	-0.0286288108 	0 	0 	0 	0 	0 	72648.1092 	0 	1.10958354e-07 	1.52733987e-10
32400 	0.0536776819 	      1554 	      1261 	7634.97643 	72648.0806 	0 	-0.0327107238 	0 	0 	0 	0 	0 	72648.1133 	0 	1.18961907e-07 	1.63750855e-10
34200 	0.028713633 	      1554 	      1261 	7631.88422 	72648.0806 	0 	-0.0367338063 	0 	0 	0 	0 	0 	72648.1173 	0 	1.27154635e-07 	1.75028122e-10
36000 	0.0311016516 	      1554 	      1261 	 7629.4224 	72648.0806 	0 	-0.040476464 	0 	0 	0 	0 	0 	72648.1211 	0 	1.34052243e-07 	1.84522657e-10
37800 	0.0370013914 	      1554 	      1261 	7626.61839 	72648.0806 	0 	-0.0440667987 	0 	0 	0 	0 	0 	72648.1247 	0 	1.41488272e-07 	1.94758326e-10
39600.0009 	     0.001 	      1554 	      1261 	7624.69983 	72648.0806 	0 	-0.0473460438 	0 	0 	0 	0 	0 	72648.1279 	0 	1.49942935e-07 	2.06396144e-10
41400 	0.0488327258 	      1554 	      1261 	7623.11534 	72648.0806 	0 	-0.0507253502 	0 	0 	0 	0 	0 	72648.1313 	0 	1.58484909e-07 	2.18154144e-10
43200 	0.0296039909 	      1554 	      1261 	7620.96409 	72648.0806 	0 	-0.0542651642 	0 	0 	0 	0 	0 	72648.1349 	0 	1.65513484e-07 	2.27828951e-10
45000 	0.0341733673 	      1554 	      1261 	7619.00345 	72648.0806 	0 	-0.058669019 	0 	0 	0 	0 	0 	72648.1393 	0 	1.7300772e-07 	2.38144737e-10
46800 	0.0204531983 	      1554 	      1261 	7617.14355 	72648.0806 	0 	-0.0631757102 	0 	0 	0 	0 	0 	72648.1438 	0 	1.80967618e-07 	2.49101503e-10
48600 	0.00137359931 	      1554 	      1261 	7614.79605 	72648.0806 	0 	-0.0764223354 	0 	0 	0 	0 	0 	72648.157 	0 	1.88956619e-07 	2.60098297e-10
50400 	0.0464843693 	      1554 	      1261 	7612.74018 	72648.0806 	0 	-0.0886568436 	0 	0 	0 	0 	0 	72648.1693 	0 	1.9595609e-07 	2.69733006e-10
52200 	0.0209180965 	      1554 	      1261 	 7613.1132 	72648.0806 	0 	-0.0963697628 	0 	0 	0 	0 	0 	72648.177 	0 	2.03333911e-07 	2.79888526e-10
54000 	0.0250740962 	      1554 	      1261 	7608.45747 	72648.0806 	0 	-0.102018716 	0 	0 	0 	0 	0 	72648.1826 	0 	2.11279257e-07 	2.90825248e-10
55800 	0.0199279629 	      1554 	      1261 	  7606.868 	72648.0806 	0 	-0.107709774 	0 	0 	0 	0 	0 	72648.1883 	0 	2.19763024e-07 	3.02503103e-10
57600 	0.0155861677 	      1554 	      1261 	7604.25615 	72648.0806 	0 	-0.113421633 	0 	0 	0 	0 	0 	72648.194 	0 	2.26922566e-07 	3.12358165e-10
59400 	0.0372295806 	      1554 	      1261 	7604.66506 	72648.0806 	0 	-0.119316412 	0 	0 	0 	0 	0 	72648.1999 	0 	2.33994797e-07 	3.22093042e-10
61200 	0.0151117756 	      1554 	      1261 	7606.19231 	72648.0806 	0 	-0.12531712 	0 	0 	0 	0 	0 	72648.2059 	0 	2.41401722e-07 	3.32288621e-10
63000 	0.0637417703 	      1554 	      1261 	7604.43971 	72648.0806 	0 	-0.131714847 	0 	0 	0 	0 	0 	72648.2123 	0 	2.49783625e-07 	3.43826251e-10
64800 	0.00535699634 	      1554 	      1261 	7604.03848 	72648.0806 	0 	-0.140135612 	0 	0 	0 	0 	0 	72648.2207 	0 	2.57859938e-07 	3.54943225e-10
66600 	0.03626795 	      1554 	      1261 	7604.55184 	72648.0806 	0 	-0.153131323 	0 	0 	0 	0 	0 	72648.2337 	0 	2.65237759e-07 	3.65098703e-10
68400 	0.0494811227 	      1554 	      1261 	7603.79442 	72648.0806 	0 	-0.174269002 	0 	0 	0 	0 	0 	72648.2549 	0 	2.73401383e-07 	3.76335789e-10
70200 	0.023877762 	      1554 	      1261 	  7604.313 	72648.0806 	0 	-0.204457492 	0 	0 	0 	0 	0 	72648.2851 	0 	2.81273969e-07 	3.87172208e-10
72000 	0.00991593895 	      1554 	      1261 	7603.90307 	72648.0806 	0 	-0.247089122 	0 	0 	0 	0 	0 	72648.3277 	0 	2.88840965e-07 	3.97587907e-10
73800 	0.0160980073 	      1554 	      1261 	7602.72233 	72648.0806 	0 	-0.303906069 	0 	0 	0 	0 	0 	72648.3845 	0 	2.96859071e-07 	4.08624462e-10
75600 	0.0650818551 	      1554 	      1261 	7598.08811 	72648.0806 	0 	-0.379694839 	0 	0 	0 	0 	0 	72648.4603 	0 	3.04484274e-07 	4.19120065e-10
77400 	0.0388239607 	      1554 	      1261 	7601.43167 	72648.0806 	0 	-0.491474291 	0 	0 	0 	0 	0 	72648.5721 	0 	3.12633347e-07 	4.30336534e-10
79200 	0.0211474951 	      1554 	      1261 	7601.39696 	72648.0806 	0 	-0.625428866 	0 	0 	0 	0 	0 	72648.706 	0 	3.20273102e-07 	4.40851764e-10
81000 	0.00200929234 	      1554 	      1261 	7596.68668 	72648.0806 	0 	-0.781240335 	0 	0 	0 	0 	0 	72648.8618 	0 	3.28102033e-07 	4.51627217e-10
82800 	0.0275690902 	      1554 	      1261 	7594.85337 	72648.0806 	0 	-0.958370317 	0 	0 	0 	0 	0 	72649.039 	0 	3.36091034e-07 	4.62622822e-10
84600 	0.0661284999 	      1554 	      1261 	7593.34422 	72648.0806 	0 	-1.15610961 	0 	0 	0 	0 	0 	72649.2367 	0 	3.43818101e-07 	4.73257692e-10
86400 	0.0777576028 	      1554 	      1261 	7590.40212 	72648.0806 	0 	-1.37447476 	0 	0 	0 	0 	0 	72649.4551 	0 	3.51545168e-07 	4.83892367e-10

# Run Time of the simulation= 3106.633 sec
