0 13.872
300 13.872
600 13.872
900 13.872
1200 13.896
1500 13.896
1800 13.896
2100 13.896
2400 13.896
2700 13.896
3000 13.92
3300 13.945
3600 13.969
3900 13.993
4200 13.993
4500 13.969
4800 13.945
5100 13.92
5400 13.872
5700 13.823
6000 13.679
6300 13.391
6600 13.012
6900 12.683
7200 12.313
7500 11.97
7800 11.879
8100 12.015
8400 12.382
8700 12.659
9000 12.777
9300 12.917
9600 13.035
9900 13.082
10200 13.129
10500 13.176
10800 13.224
11100 13.177
11400 12.988
11700 12.823
12000 12.66
12300 12.451
12600 12.266
12900 12.106
13200 12.453
13500 13.537
13800 14.091
14100 14.017
14400 13.92
14700 13.631
15000 13.415
15300 13.559
15600 13.678
15900 13.751
16200 14.214
16500 15.311
16800 16.334
17100 16.464
17400 16.334
17700 16.282
18000 16.334
18300 16.49
18600 16.832
18900 17.363
19200 17.603
19500 17.711
19800 17.927
20100 17.954
20400 17.873
20700 17.819
21000 17.63
21300 17.389
21600 17.335
21900 17.255
22200 17.255
22500 17.604
22800 17.31
23100 16.963
23400 17.577
23700 17.792
24000 17.177
24300 17.177
24600 18.201
24900 18.886
25200 18.803
25500 18.418
25800 17.873
26100 18.338
26400 19.248
26700 19.387
27000 19.415
27300 19.443
27600 19.415
27900 19.387
28200 19.5
28500 19.584
28800 19.528
29100 19.584
29400 19.753
29700 19.866
30000 19.98
30300 20.122
30600 20.151
30900 20.065
31200 19.951
31500 19.81
31800 19.753
32100 19.753
32400 19.725
32700 19.612
33000 19.36
33300 19.053
33600 18.997
33900 19.332
34200 19.754
34500 19.923
34800 19.894
35100 19.781
35400 19.528
35700 19.387
36000 19.275
36300 18.887
36600 18.118
36900 16.913
37200 15.64
37500 14.906
37800 15.285
38100 15.817
38400 15.664
38700 15.435
39000 15.283
39300 15.182
39600 15.156
39900 15.232
40200 15.283
40500 15.157
40800 15.055
41100 15.156
41400 15.156
41700 15.03
42000 15.056
42300 15.182
42600 15.207
42900 15.106
43200 15.081
43500 15.131
43800 15.106
44100 15.08
44400 15.03
44700 14.906
45000 14.781
45300 14.731
45600 14.756
45900 14.756
46200 14.656
46500 14.557
46800 14.508
47100 14.508
47400 14.532
47700 14.532
48000 14.483
48300 14.434
48600 14.434
48900 14.385
49200 14.336
49500 14.36
49800 14.385
50100 14.385
50400 14.336
